P0: 4.879530498924e+02 0.000000000000e+00 3.314574763671e+02 0.000000000000e+00 0.000000000000e+00 4.859382180841e+02 1.515902976004e+02 0.000000000000e+00 0.000000000000e+00 0.000000000000e+00 1.000000000000e+00 0.000000000000e+00
